from real

[ -0.09539795   -0.06488037   -0.20788574 ] base lin vel
[  0.00003879    0.00005818    0.00003879 ] base ang vel
[ -0.31999999   -0.56000000   -9.77999970 ] grav proj
[  0.00000000    0.00000000    0.00000000 ] vel cmd
[ -0.32280707   -0.42404982    0.58022821 ] joint pos 
[ -0.57514691    0.12009669    0.21306476 ]
[  0.29455748    0.17071806    0.26484263 ]
[ -0.14260353    0.06745596    0.37624797 ]
[  0.00468308    0.00002881   -0.00033894 ] joint vel
[ -0.00191152   -0.00885171   -0.00332030 ]
[  0.00411665   -0.00108398   -0.00593375 ]
[ -0.01830222   -0.00355676    0.00427874 ]
[  0.31884766   -0.50488281    0.28930664 ] prev actions
[  0.99414062   -0.29711914    0.79687500 ]
[  2.93359380   -1.10058590    3.18164060 ]
[  0.76074219   -1.03417970    0.16064453 ]

from sim
[ -0.004110    -0.075459    -0.382760 ] base lin vel
[  0.043541     0.180400     0.110300 ] base ang vel
[  0.002030    -0.030180    -1.049500 ] grav proj
[  0.000000     0.000000     0.000000 ] vel cmd
[  0.033574     0.014714     0.067338 ] joint pos
[ -0.005098     0.013987    -0.045200 ]
[ -0.065673     0.085143     0.223270 ]
[ -0.270960    -0.234090     0.241010 ]
[  1.086700    -1.494000     0.784140 ] joint vel
[  1.254500     0.855000    -1.639000 ]
[ -1.064300     1.267900     2.803000 ]
[ -4.641000    -3.922800     3.734100 ]
[  0.326320     0.057735     0.688890 ] prev actions
[ -0.214950    -0.250190     0.167900 ]
[  0.104120     0.429870     1.442400 ]
[ -1.954200    -1.531000     1.531600 ]

